133
4 28 35 93 97
4 190 196 197 252
4 286 333 369 420
4 423 441 12 33
4 47 165 300 326
4 482 1 14 21
4 256 279 299 306
4 315 322 330 421
4 454 7 17 86
4 154 189 212 334
4 352 358 414 492
4 11 64 72 73
4 120 141 156 158
4 170 182 213 266
4 301 319 337 410
4 443 462 484 495
4 0 38 48 52
4 108 111 113 155
4 166 210 221 234
4 261 264 298 310
4 329 350 371 376
4 434 448 451 452
4 463 475 486 5
4 15 19 20 34
4 60 61 147 175
4 181 187 193 199
4 208 219 231 236
4 240 249 258 271
4 273 277 288 292
4 311 320 324 356
4 360 367 385 387
4 396 405 409 419
4 430 433 439 445
4 455 473 498 499
4 3 6 8 10
4 13 18 23 24
4 31 55 65 71
4 89 90 91 99
4 105 117 121 123
4 139 149 159 162
4 163 177 180 188
4 192 201 203 214
4 218 225 230 235
4 242 263 268 276
4 278 283 294 302
4 328 336 345 348
4 351 353 362 364
4 375 384 388 391
4 392 394 397 399
4 400 403 407 412
4 422 424 427 429
4 431 437 438 442
4 444 447 449 459
4 467 472 474 497
4 16 22 25 26
4 27 29 32 36
4 40 41 44 45
4 46 50 54 56
4 59 66 69 70
4 76 78 79 80
2 81 92
3 95 100 101
3 104 106 107
3 109 112 114
3 115 116 119
3 124 128 129
3 132 136 138
3 144 148 151
3 152 153 160
3 164 172 174
3 185 186 195
3 198 200 204
3 207 217 226
3 233 237 244
3 245 247 251
3 254 259 267
3 269 274 280
3 282 284 285
3 289 295 304
3 307 325 332
3 339 341 347
3 359 361 363
3 365 372 373
3 377 378 379
3 390 395 401
3 411 425 432
3 446 450 453
3 460 461 468
3 490 494 2
3 4 9 30
3 37 39 42
2 43 49
2 51 53
2 57 58
2 62 63
2 67 68
2 74 75
2 77 82
2 83 84
2 85 87
2 88 94
2 96 98
2 102 103
2 110 118
2 122 125
2 126 127
2 130 131
2 133 134
2 135 137
2 140 142
2 143 145
2 146 150
2 157 161
2 167 168
2 169 171
2 173 176
2 178 179
2 183 184
2 191 194
2 202 205
2 206 209
2 211 215
2 216 220
2 222 223
2 224 227
2 228 229
2 232 238
2 239 241
2 243 246
2 248 250
2 253 255
2 257 260
2 262 265